1.000000 1.000000 1.000000 1.000000 1.000000 1.000000 1.000000 1.000000 1.000000 1.000000 1.000000 1.000000 1.000000 1.000000 1.000000 1.000000 1.000000 1.000000 1.000000 1.000000 1.000000 1.000000 1.000000 1.000000 1.000000 1.000000 1.000000 1.000000 1.000000 1.000000 1.000000 1.000000 1.000000 1.000000 1.000000 1.000000 1.000000 1.000000 1.000000 1.000000 1.000000 1.000000 1.000000 1.000000 1.000000 1.000000 1.000000 1.000000 1.000000 1.000000 1.000000 1.000000 1.000000 1.000000 1.000000 1.000000 1.000000 1.000000 1.000000 1.000000 1.000000 1.000000 1.000000 1.000000 1.000000 1.000000 1.000000 1.000000 1.000000 1.000000 1.000000 1.000000 1.000000 1.000000 1.000000 1.000000 1.000000 1.000000 1.000000 1.000000 1.000000 1.000000 1.000000 1.000000 1.000000 1.000000 1.000000 1.000000 1.000000 1.000000 1.000000 1.000000 1.000000 1.000000 1.000000 1.000000 1.000000 1.000000 1.000000 1.000000
1.000000 0.983276 0.967368 0.952596 0.939196 0.927312 0.917002 0.908245 0.900959 0.895016 0.890262 0.886527 0.883647 0.881464 0.879838 0.878645 0.877785 0.877174 0.876746 0.876451 0.876250 0.876115 0.876026 0.875967 0.875930 0.875906 0.875891 0.875881 0.875875 0.875872 0.875870 0.875868 0.875868 0.875867 0.875867 0.875867 0.875867 0.875867 0.875867 0.875867 0.875867 0.875867 0.875867 0.875867 0.875867 0.875867 0.875867 0.875867 0.875867 0.875867 0.875867 0.875867 0.875867 0.875867 0.875867 0.875867 0.875867 0.875867 0.875867 0.875867 0.875867 0.875867 0.875867 0.875867 0.875867 0.875867 0.875867 0.875867 0.875867 0.875867 0.875867 0.875867 0.875867 0.875867 0.875867 0.875867 0.875868 0.875871 0.875878 0.875893 0.875928 0.876000 0.876139 0.876396 0.876847 0.877599 0.878796 0.880616 0.883268 0.886977 0.891965 0.898422 0.906484 0.916205 0.927542 0.940342 0.954352 0.969234 0.984592 1.000000
1.000000 0.967368 0.936303 0.907426 0.881198 0.857904 0.837662 0.820439 0.806079 0.794342 0.784929 0.777519 0.771790 0.767435 0.764181 0.761789 0.760058 0.758824 0.757957 0.757358 0.756948 0.756673 0.756489 0.756369 0.756292 0.756242 0.756210 0.756190 0.756178 0.756171 0.756166 0.756164 0.756162 0.756161 0.756161 0.756160 0.756160 0.756160 0.756160 0.756160 0.756160 0.756160 0.756160 0.756160 0.756160 0.756160 0.756160 0.756160 0.756160 0.756160 0.756160 0.756160 0.756160 0.756160 0.756160 0.756160 0.756160 0.756160 0.756160 0.756160 0.756160 0.756160 0.756160 0.756160 0.756160 0.756160 0.756160 0.756160 0.756160 0.756160 0.756160 0.756160 0.756160 0.756160 0.756160 0.756161 0.756163 0.756169 0.756184 0.756218 0.756292 0.756442 0.756732 0.757262 0.758183 0.759709 0.762121 0.765770 0.771062 0.778432 0.788305 0.801047 0.816916 0.836011 0.858240 0.883308 0.910724 0.939831 0.969862 1.000000
1.000000 0.952596 0.907426 0.865391 0.827163 0.793164 0.763571 0.738346 0.717276 0.700018 0.686149 0.675205 0.666722 0.660259 0.655416 0.651846 0.649255 0.647403 0.646099 0.645193 0.644573 0.644154 0.643875 0.643691 0.643572 0.643495 0.643446 0.643416 0.643397 0.643385 0.643378 0.643374 0.643371 0.643370 0.643369 0.643368 0.643368 0.643368 0.643368 0.643368 0.643368 0.643368 0.643368 0.643368 0.643368 0.643368 0.643368 0.643368 0.643368 0.643368 0.643368 0.643368 0.643368 0.643368 0.643368 0.643368 0.643368 0.643368 0.643368 0.643368 0.643368 0.643368 0.643368 0.643368 0.643368 0.643368 0.643368 0.643368 0.643368 0.643368 0.643368 0.643368 0.643368 0.643368 0.643368 0.643370 0.643374 0.643383 0.643407 0.643461 0.643576 0.643809 0.644254 0.645061 0.646454 0.648748 0.652353 0.657782 0.665622 0.676500 0.691028 0.709730 0.732971 0.760888 0.793344 0.829911 0.869876 0.912295 0.956063 1.000000
1.000000 0.939196 0.881198 0.827163 0.777959 0.734134 0.695930 0.663310 0.636013 0.613612 0.595571 0.581304 0.570221 0.561756 0.555399 0.550699 0.547280 0.544829 0.543098 0.541892 0.541065 0.540504 0.540129 0.539881 0.539720 0.539615 0.539549 0.539507 0.539481 0.539465 0.539456 0.539450 0.539446 0.539444 0.539443 0.539442 0.539442 0.539442 0.539441 0.539441 0.539441 0.539441 0.539441 0.539441 0.539441 0.539441 0.539441 0.539441 0.539441 0.539441 0.539441 0.539441 0.539441 0.539441 0.539441 0.539441 0.539441 0.539441 0.539441 0.539441 0.539441 0.539441 0.539441 0.539441 0.539441 0.539441 0.539441 0.539441 0.539441 0.539441 0.539441 0.539441 0.539441 0.539442 0.539442 0.539444 0.539450 0.539463 0.539496 0.539571 0.539728 0.540044 0.540642 0.541721 0.543571 0.546600 0.551341 0.558450 0.568680 0.582831 0.601681 0.625895 0.655933 0.691964 0.733810 0.780921 0.832391 0.887016 0.943386 1.000000
1.000000 0.927312 0.857904 0.793164 0.734134 0.681486 0.635519 0.596209 0.563255 0.536162 0.514300 0.496977 0.483490 0.473166 0.465394 0.459636 0.455435 0.452417 0.450279 0.448786 0.447759 0.447060 0.446592 0.446282 0.446079 0.445948 0.445864 0.445811 0.445778 0.445757 0.445745 0.445737 0.445733 0.445730 0.445728 0.445728 0.445727 0.445727 0.445727 0.445726 0.445726 0.445726 0.445726 0.445726 0.445726 0.445726 0.445726 0.445726 0.445726 0.445726 0.445726 0.445726 0.445726 0.445726 0.445726 0.445726 0.445726 0.445726 0.445726 0.445726 0.445726 0.445726 0.445726 0.445726 0.445726 0.445726 0.445726 0.445726 0.445726 0.445726 0.445726 0.445726 0.445726 0.445727 0.445728 0.445730 0.445737 0.445755 0.445797 0.445892 0.446091 0.446486 0.447231 0.448566 0.450845 0.454559 0.460348 0.469000 0.481412 0.498539 0.521305 0.550497 0.586659 0.629988 0.680272 0.736854 0.798657 0.864250 0.931961 1.000000
1.000000 0.917002 0.837662 0.763571 0.695930 0.635519 0.582700 0.537459 0.499473 0.468187 0.442896 0.422818 0.407154 0.395140 0.386076 0.379345 0.374423 0.370878 0.368361 0.366599 0.365383 0.364554 0.363997 0.363627 0.363384 0.363227 0.363126 0.363062 0.363022 0.362997 0.362982 0.362973 0.362967 0.362964 0.362962 0.362961 0.362960 0.362960 0.362960 0.362959 0.362959 0.362959 0.362959 0.362959 0.362959 0.362959 0.362959 0.362959 0.362959 0.362959 0.362959 0.362959 0.362959 0.362959 0.362959 0.362959 0.362959 0.362959 0.362959 0.362959 0.362959 0.362959 0.362959 0.362959 0.362959 0.362959 0.362959 0.362959 0.362959 0.362959 0.362959 0.362959 0.362959 0.362960 0.362961 0.362964 0.362973 0.362995 0.363046 0.363160 0.363398 0.363867 0.364748 0.366318 0.368987 0.373319 0.380051 0.390082 0.404438 0.424206 0.450437 0.484024 0.525583 0.575340 0.633049 0.697966 0.768867 0.844130 0.921852 1.000000
1.000000 0.908245 0.820439 0.738346 0.663310 0.596209 0.537459 0.487066 0.444689 0.409731 0.381424 0.358911 0.341316 0.327794 0.317572 0.309965 0.304391 0.300367 0.297504 0.295495 0.294105 0.293155 0.292515 0.292089 0.291809 0.291626 0.291509 0.291435 0.291388 0.291359 0.291341 0.291330 0.291324 0.291320 0.291317 0.291316 0.291315 0.291315 0.291315 0.291314 0.291314 0.291314 0.291314 0.291314 0.291314 0.291314 0.291314 0.291314 0.291314 0.291314 0.291314 0.291314 0.291314 0.291314 0.291314 0.291314 0.291314 0.291314 0.291314 0.291314 0.291314 0.291314 0.291314 0.291314 0.291314 0.291314 0.291314 0.291314 0.291314 0.291314 0.291314 0.291314 0.291314 0.291315 0.291316 0.291320 0.291330 0.291356 0.291416 0.291547 0.291821 0.292358 0.293360 0.295139 0.298152 0.303029 0.310587 0.321821 0.337867 0.359925 0.389153 0.426538 0.472755 0.528055 0.592169 0.664279 0.743041 0.826669 0.913069 1.000000
1.000000 0.900959 0.806079 0.717276 0.636013 0.563255 0.499473 0.444689 0.398555 0.360441 0.329531 0.304908 0.285631 0.270790 0.259550 0.251170 0.245018 0.240567 0.237394 0.235162 0.233615 0.232555 0.231839 0.231361 0.231046 0.230841 0.230709 0.230624 0.230571 0.230538 0.230518 0.230505 0.230498 0.230493 0.230491 0.230489 0.230488 0.230488 0.230487 0.230487 0.230487 0.230487 0.230487 0.230487 0.230487 0.230487 0.230487 0.230487 0.230487 0.230487 0.230487 0.230487 0.230487 0.230487 0.230487 0.230487 0.230487 0.230487 0.230487 0.230487 0.230487 0.230487 0.230487 0.230487 0.230487 0.230487 0.230487 0.230487 0.230487 0.230487 0.230487 0.230487 0.230487 0.230488 0.230489 0.230494 0.230505 0.230534 0.230602 0.230749 0.231054 0.231650 0.232758 0.234718 0.238029 0.243373 0.251636 0.263895 0.281378 0.305378 0.337145 0.377742 0.427899 0.487886 0.557419 0.635620 0.721047 0.811782 0.905570 1.000000
1.000000 0.895016 0.794342 0.700018 0.613612 0.536162 0.468187 0.409731 0.360441 0.319665 0.286550 0.260131 0.239416 0.223443 0.211325 0.202275 0.195619 0.190795 0.187348 0.184920 0.183233 0.182075 0.181291 0.180767 0.180420 0.180194 0.180048 0.179955 0.179896 0.179859 0.179836 0.179822 0.179814 0.179808 0.179805 0.179804 0.179803 0.179802 0.179802 0.179801 0.179801 0.179801 0.179801 0.179801 0.179801 0.179801 0.179801 0.179801 0.179801 0.179801 0.179801 0.179801 0.179801 0.179801 0.179801 0.179801 0.179801 0.179801 0.179801 0.179801 0.179801 0.179801 0.179801 0.179801 0.179801 0.179801 0.179801 0.179801 0.179801 0.179801 0.179801 0.179801 0.179801 0.179802 0.179804 0.179809 0.179822 0.179854 0.179928 0.180089 0.180420 0.181067 0.182264 0.184378 0.187939 0.193674 0.202527 0.215640 0.234317 0.259930 0.293803 0.337063 0.390487 0.454363 0.528395 0.611660 0.702639 0.799304 0.899276 1.000000
1.000000 0.890262 0.784929 0.686149 0.595571 0.514300 0.442896 0.381424 0.329531 0.286550 0.251598 0.223678 0.201756 0.184828 0.171966 0.162346 0.155259 0.150114 0.146432 0.143833 0.142024 0.140780 0.139936 0.139371 0.138996 0.138751 0.138592 0.138491 0.138427 0.138386 0.138361 0.138346 0.138337 0.138331 0.138328 0.138326 0.138325 0.138324 0.138323 0.138323 0.138323 0.138323 0.138323 0.138323 0.138323 0.138323 0.138323 0.138323 0.138323 0.138323 0.138323 0.138323 0.138323 0.138323 0.138323 0.138323 0.138323 0.138323 0.138323 0.138323 0.138323 0.138323 0.138323 0.138323 0.138323 0.138323 0.138323 0.138323 0.138323 0.138323 0.138323 0.138323 0.138323 0.138324 0.138326 0.138331 0.138345 0.138380 0.138460 0.138632 0.138986 0.139674 0.140946 0.143186 0.146952 0.153008 0.162342 0.176152 0.195801 0.222727 0.258313 0.303739 0.359821 0.426864 0.504564 0.591966 0.687488 0.789019 0.894079 1.000000
1.000000 0.886527 0.777519 0.675205 0.581304 0.496977 0.422818 0.358911 0.304908 0.260131 0.223678 0.194525 0.171607 0.153887 0.140406 0.130308 0.122858 0.117442 0.113560 0.110816 0.108902 0.107584 0.106689 0.106087 0.105688 0.105426 0.105257 0.105148 0.105079 0.105036 0.105009 0.104992 0.104982 0.104976 0.104972 0.104970 0.104969 0.104968 0.104968 0.104967 0.104967 0.104967 0.104967 0.104967 0.104967 0.104967 0.104967 0.104967 0.104967 0.104967 0.104967 0.104967 0.104967 0.104967 0.104967 0.104967 0.104967 0.104967 0.104967 0.104967 0.104967 0.104967 0.104967 0.104967 0.104967 0.104967 0.104967 0.104967 0.104967 0.104967 0.104967 0.104967 0.104967 0.104968 0.104970 0.104976 0.104991 0.105028 0.105112 0.105294 0.105666 0.106388 0.107721 0.110062 0.113993 0.120306 0.130025 0.144391 0.164817 0.192789 0.229742 0.276898 0.335103 0.404680 0.485320 0.576042 0.675220 0.780679 0.889857 1.000000
1.000000 0.883647 0.771790 0.666722 0.570221 0.483490 0.407154 0.341316 0.285631 0.239416 0.201756 0.171607 0.147880 0.129514 0.115525 0.105035 0.097285 0.091644 0.087595 0.084729 0.082727 0.081347 0.080407 0.079775 0.079355 0.079079 0.078900 0.078784 0.078711 0.078665 0.078637 0.078619 0.078608 0.078602 0.078598 0.078595 0.078594 0.078593 0.078593 0.078592 0.078592 0.078592 0.078592 0.078592 0.078592 0.078592 0.078592 0.078592 0.078592 0.078592 0.078592 0.078592 0.078592 0.078592 0.078592 0.078592 0.078592 0.078592 0.078592 0.078592 0.078592 0.078592 0.078592 0.078592 0.078592 0.078592 0.078592 0.078592 0.078592 0.078592 0.078592 0.078592 0.078592 0.078593 0.078595 0.078601 0.078617 0.078656 0.078744 0.078933 0.079320 0.080069 0.081449 0.083870 0.087931 0.094445 0.104466 0.119269 0.140302 0.169095 0.207118 0.255630 0.315503 0.387071 0.470026 0.563371 0.665442 0.774020 0.886480 1.000000
1.000000 0.881464 0.767435 0.660259 0.561756 0.473166 0.395140 0.327794 0.270790 0.223443 0.184828 0.153887 0.129514 0.110631 0.096233 0.085424 0.077431 0.071606 0.067420 0.064453 0.062378 0.060945 0.059969 0.059311 0.058873 0.058585 0.058397 0.058277 0.058200 0.058152 0.058122 0.058103 0.058091 0.058085 0.058080 0.058078 0.058076 0.058076 0.058075 0.058075 0.058075 0.058075 0.058075 0.058075 0.058074 0.058074 0.058074 0.058074 0.058074 0.058074 0.058074 0.058074 0.058074 0.058074 0.058074 0.058074 0.058074 0.058074 0.058074 0.058074 0.058074 0.058074 0.058074 0.058074 0.058074 0.058074 0.058074 0.058074 0.058074 0.058074 0.058074 0.058075 0.058075 0.058076 0.058078 0.058084 0.058101 0.058141 0.058231 0.058427 0.058825 0.059595 0.061011 0.063495 0.067655 0.074324 0.084577 0.099715 0.121216 0.150639 0.189487 0.239044 0.300203 0.373311 0.458061 0.553442 0.657769 0.768784 0.883819 1.000000
1.000000 0.879838 0.764181 0.655416 0.555399 0.465394 0.386076 0.317572 0.259550 0.211325 0.171966 0.140406 0.115525 0.096233 0.081511 0.070449 0.062260 0.056287 0.051990 0.048941 0.046806 0.045331 0.044324 0.043645 0.043192 0.042894 0.042700 0.042574 0.042495 0.042444 0.042413 0.042393 0.042381 0.042374 0.042370 0.042367 0.042366 0.042365 0.042364 0.042364 0.042364 0.042364 0.042364 0.042363 0.042363 0.042363 0.042363 0.042363 0.042363 0.042363 0.042363 0.042363 0.042363 0.042363 0.042363 0.042363 0.042363 0.042363 0.042363 0.042363 0.042363 0.042363 0.042363 0.042363 0.042363 0.042363 0.042363 0.042363 0.042363 0.042363 0.042363 0.042364 0.042364 0.042365 0.042367 0.042374 0.042390 0.042431 0.042524 0.042724 0.043131 0.043917 0.045361 0.047891 0.052127 0.058913 0.069341 0.084732 0.106586 0.136486 0.175957 0.226306 0.288442 0.362722 0.448840 0.545779 0.651836 0.764728 0.881754 1.000000
1.000000 0.878645 0.761789 0.651846 0.550699 0.459636 0.379345 0.309965 0.251170 0.202275 0.162346 0.130308 0.105035 0.085424 0.070449 0.059187 0.050845 0.044754 0.040369 0.037255 0.035072 0.033562 0.032530 0.031834 0.031369 0.031062 0.030862 0.030733 0.030651 0.030599 0.030566 0.030546 0.030534 0.030526 0.030522 0.030519 0.030517 0.030517 0.030516 0.030516 0.030515 0.030515 0.030515 0.030515 0.030515 0.030515 0.030515 0.030515 0.030515 0.030515 0.030515 0.030515 0.030515 0.030515 0.030515 0.030515 0.030515 0.030515 0.030515 0.030515 0.030515 0.030515 0.030515 0.030515 0.030515 0.030515 0.030515 0.030515 0.030515 0.030515 0.030515 0.030515 0.030516 0.030516 0.030519 0.030526 0.030543 0.030584 0.030679 0.030882 0.031296 0.032093 0.033558 0.036123 0.040414 0.047288 0.057846 0.073424 0.095540 0.125794 0.165730 0.216669 0.279534 0.354691 0.441838 0.539950 0.647315 0.761631 0.880173 1.000000
1.000000 0.877785 0.760058 0.649255 0.547280 0.455435 0.374423 0.304391 0.245018 0.195619 0.155259 0.122858 0.097285 0.077431 0.062260 0.050845 0.042383 0.036200 0.031746 0.028580 0.026360 0.024822 0.023771 0.023060 0.022585 0.022272 0.022068 0.021935 0.021851 0.021797 0.021764 0.021743 0.021730 0.021723 0.021718 0.021715 0.021714 0.021713 0.021712 0.021712 0.021711 0.021711 0.021711 0.021711 0.021711 0.021711 0.021711 0.021711 0.021711 0.021711 0.021711 0.021711 0.021711 0.021711 0.021711 0.021711 0.021711 0.021711 0.021711 0.021711 0.021711 0.021711 0.021711 0.021711 0.021711 0.021711 0.021711 0.021711 0.021711 0.021711 0.021711 0.021711 0.021712 0.021712 0.021715 0.021722 0.021739 0.021781 0.021877 0.022083 0.022501 0.023307 0.024787 0.027377 0.031709 0.038646 0.049299 0.065014 0.087321 0.117834 0.158110 0.209482 0.272884 0.348689 0.436595 0.535579 0.643918 0.759299 0.878980 1.000000
1.000000 0.877174 0.758824 0.647403 0.544829 0.452417 0.370878 0.300367 0.240567 0.190795 0.150114 0.117442 0.091644 0.071606 0.056287 0.044754 0.036200 0.029947 0.025439 0.022234 0.019983 0.018424 0.017357 0.016635 0.016153 0.015834 0.015626 0.015491 0.015405 0.015350 0.015316 0.015295 0.015282 0.015274 0.015269 0.015266 0.015265 0.015264 0.015263 0.015263 0.015262 0.015262 0.015262 0.015262 0.015262 0.015262 0.015262 0.015262 0.015262 0.015262 0.015262 0.015262 0.015262 0.015262 0.015262 0.015262 0.015262 0.015262 0.015262 0.015262 0.015262 0.015262 0.015262 0.015262 0.015262 0.015262 0.015262 0.015262 0.015262 0.015262 0.015262 0.015262 0.015263 0.015263 0.015266 0.015273 0.015290 0.015333 0.015430 0.015637 0.016059 0.016871 0.018361 0.020970 0.025331 0.032313 0.043034 0.058847 0.081292 0.111991 0.152512 0.204197 0.267988 0.344263 0.432724 0.532345 0.641401 0.757567 0.878092 1.000000
1.000000 0.876746 0.757957 0.646099 0.543098 0.450279 0.368361 0.297504 0.237394 0.187348 0.146432 0.113560 0.087595 0.067420 0.051990 0.040369 0.031746 0.025439 0.020891 0.017654 0.015381 0.013805 0.012726 0.011995 0.011507 0.011184 0.010973 0.010836 0.010749 0.010693 0.010658 0.010637 0.010623 0.010615 0.010610 0.010607 0.010606 0.010605 0.010604 0.010604 0.010603 0.010603 0.010603 0.010603 0.010603 0.010603 0.010603 0.010603 0.010603 0.010603 0.010603 0.010603 0.010603 0.010603 0.010603 0.010603 0.010603 0.010603 0.010603 0.010603 0.010603 0.010603 0.010603 0.010603 0.010603 0.010603 0.010603 0.010603 0.010603 0.010603 0.010603 0.010603 0.010604 0.010604 0.010607 0.010614 0.010632 0.010675 0.010772 0.010981 0.011404 0.012221 0.013719 0.016340 0.020722 0.027736 0.038504 0.054387 0.076929 0.107760 0.148455 0.200364 0.264433 0.341045 0.429904 0.529986 0.639560 0.756298 0.877440 1.000000
1.000000 0.876451 0.757358 0.645193 0.541892 0.448786 0.366599 0.295495 0.235162 0.184920 0.143833 0.110816 0.084729 0.064453 0.048941 0.037255 0.028580 0.022234 0.017654 0.014394 0.012104 0.010515 0.009427 0.008690 0.008196 0.007870 0.007657 0.007518 0.007430 0.007373 0.007338 0.007316 0.007303 0.007294 0.007289 0.007286 0.007285 0.007284 0.007283 0.007283 0.007282 0.007282 0.007282 0.007282 0.007282 0.007282 0.007282 0.007282 0.007282 0.007282 0.007282 0.007282 0.007282 0.007282 0.007282 0.007282 0.007282 0.007282 0.007282 0.007282 0.007282 0.007282 0.007282 0.007282 0.007282 0.007282 0.007282 0.007282 0.007282 0.007282 0.007282 0.007282 0.007283 0.007283 0.007286 0.007293 0.007311 0.007354 0.007452 0.007661 0.008087 0.008906 0.010410 0.013039 0.017435 0.024472 0.035273 0.051204 0.073814 0.104737 0.145554 0.197619 0.261884 0.338735 0.427877 0.528286 0.638230 0.755379 0.876966 1.000000
1.000000 0.876250 0.756948 0.644573 0.541065 0.447759 0.365383 0.294105 0.233615 0.183233 0.142024 0.108902 0.082727 0.062378 0.046806 0.035072 0.026360 0.019983 0.015381 0.012104 0.009801 0.008202 0.007107 0.006365 0.005868 0.005539 0.005324 0.005184 0.005095 0.005038 0.005002 0.004980 0.004966 0.004958 0.004953 0.004950 0.004948 0.004947 0.004946 0.004946 0.004946 0.004946 0.004946 0.004946 0.004946 0.004946 0.004946 0.004946 0.004946 0.004946 0.004946 0.004946 0.004946 0.004946 0.004946 0.004946 0.004946 0.004946 0.004946 0.004946 0.004946 0.004946 0.004946 0.004946 0.004946 0.004946 0.004946 0.004946 0.004946 0.004946 0.004946 0.004946 0.004946 0.004947 0.004949 0.004956 0.004974 0.005018 0.005116 0.005326 0.005752 0.006574 0.008081 0.010717 0.015122 0.022173 0.032998 0.048962 0.071618 0.102605 0.143506 0.195680 0.260081 0.337097 0.426437 0.527076 0.637283 0.754723 0.876627 1.000000
1.000000 0.876115 0.756673 0.644154 0.540504 0.447060 0.364554 0.293155 0.232555 0.182075 0.140780 0.107584 0.081347 0.060945 0.045331 0.033562 0.024822 0.018424 0.013805 0.010515 0.008202 0.006597 0.005496 0.004750 0.004251 0.003920 0.003703 0.003563 0.003473 0.003415 0.003379 0.003357 0.003343 0.003335 0.003330 0.003326 0.003325 0.003324 0.003323 0.003323 0.003322 0.003322 0.003322 0.003322 0.003322 0.003322 0.003322 0.003322 0.003322 0.003322 0.003322 0.003322 0.003322 0.003322 0.003322 0.003322 0.003322 0.003322 0.003322 0.003322 0.003322 0.003322 0.003322 0.003322 0.003322 0.003322 0.003322 0.003322 0.003322 0.003322 0.003322 0.003322 0.003322 0.003323 0.003326 0.003333 0.003351 0.003394 0.003493 0.003703 0.004130 0.004953 0.006463 0.009102 0.013515 0.020576 0.031416 0.047402 0.070090 0.101120 0.142078 0.194326 0.258820 0.335951 0.425428 0.526227 0.636615 0.754259 0.876387 1.000000
1.000000 0.876026 0.756489 0.643875 0.540129 0.446592 0.363997 0.292515 0.231839 0.181291 0.139936 0.106689 0.080407 0.059969 0.044324 0.032530 0.023771 0.017357 0.012726 0.009427 0.007107 0.005496 0.004391 0.003643 0.003141 0.002809 0.002591 0.002450 0.002359 0.002302 0.002266 0.002243 0.002229 0.002221 0.002215 0.002212 0.002210 0.002209 0.002209 0.002208 0.002208 0.002208 0.002208 0.002208 0.002208 0.002208 0.002208 0.002208 0.002208 0.002208 0.002208 0.002208 0.002208 0.002208 0.002208 0.002208 0.002208 0.002208 0.002208 0.002208 0.002208 0.002208 0.002208 0.002208 0.002208 0.002208 0.002208 0.002208 0.002208 0.002208 0.002208 0.002208 0.002208 0.002209 0.002212 0.002219 0.002237 0.002280 0.002379 0.002589 0.003017 0.003841 0.005352 0.007994 0.012411 0.019479 0.030329 0.046330 0.069039 0.100098 0.141095 0.193393 0.257950 0.335159 0.424729 0.525637 0.636151 0.753936 0.876219 1.000000
1.000000 0.875967 0.756369 0.643691 0.539881 0.446282 0.363627 0.292089 0.231361 0.180767 0.139371 0.106087 0.079775 0.059311 0.043645 0.031834 0.023060 0.016635 0.011995 0.008690 0.006365 0.004750 0.003643 0.002892 0.002389 0.002055 0.001837 0.001695 0.001604 0.001547 0.001510 0.001488 0.001474 0.001465 0.001460 0.001457 0.001455 0.001454 0.001453 0.001453 0.001452 0.001452 0.001452 0.001452 0.001452 0.001452 0.001452 0.001452 0.001452 0.001452 0.001452 0.001452 0.001452 0.001452 0.001452 0.001452 0.001452 0.001452 0.001452 0.001452 0.001452 0.001452 0.001452 0.001452 0.001452 0.001452 0.001452 0.001452 0.001452 0.001452 0.001452 0.001452 0.001453 0.001453 0.001456 0.001463 0.001481 0.001525 0.001623 0.001834 0.002262 0.003087 0.004598 0.007242 0.011662 0.018734 0.029591 0.045602 0.068325 0.099403 0.140425 0.192757 0.257356 0.334617 0.424250 0.525232 0.635831 0.753713 0.876103 1.000000
1.000000 0.875930 0.756292 0.643572 0.539720 0.446079 0.363384 0.291809 0.231046 0.180420 0.138996 0.105688 0.079355 0.058873 0.043192 0.031369 0.022585 0.016153 0.011507 0.008196 0.005868 0.004251 0.003141 0.002389 0.001885 0.001550 0.001331 0.001189 0.001098 0.001040 0.001004 0.000981 0.000967 0.000958 0.000953 0.000950 0.000948 0.000947 0.000946 0.000946 0.000946 0.000946 0.000946 0.000945 0.000945 0.000945 0.000945 0.000945 0.000945 0.000945 0.000945 0.000945 0.000945 0.000945 0.000945 0.000945 0.000945 0.000945 0.000945 0.000945 0.000945 0.000945 0.000945 0.000945 0.000945 0.000945 0.000945 0.000945 0.000945 0.000945 0.000945 0.000946 0.000946 0.000947 0.000949 0.000956 0.000974 0.001018 0.001116 0.001328 0.001756 0.002581 0.004093 0.006738 0.011160 0.018235 0.029096 0.045113 0.067845 0.098935 0.139975 0.192328 0.256955 0.334251 0.423925 0.524957 0.635614 0.753561 0.876023 1.000000
1.000000 0.875906 0.756242 0.643495 0.539615 0.445948 0.363227 0.291626 0.230841 0.180194 0.138751 0.105426 0.079079 0.058585 0.042894 0.031062 0.022272 0.015834 0.011184 0.007870 0.005539 0.003920 0.002809 0.002055 0.001550 0.001216 0.000996 0.000854 0.000763 0.000705 0.000668 0.000645 0.000631 0.000622 0.000617 0.000614 0.000612 0.000611 0.000610 0.000610 0.000610 0.000610 0.000610 0.000610 0.000609 0.000609 0.000609 0.000609 0.000609 0.000609 0.000609 0.000609 0.000609 0.000609 0.000609 0.000609 0.000609 0.000609 0.000609 0.000609 0.000609 0.000609 0.000609 0.000609 0.000609 0.000609 0.000609 0.000609 0.000609 0.000609 0.000609 0.000610 0.000610 0.000611 0.000613 0.000620 0.000638 0.000682 0.000781 0.000992 0.001420 0.002245 0.003758 0.006404 0.010826 0.017904 0.028767 0.044789 0.067526 0.098625 0.139675 0.192042 0.256688 0.334006 0.423708 0.524773 0.635468 0.753458 0.875970 1.000000
1.000000 0.875891 0.756210 0.643446 0.539549 0.445864 0.363126 0.291509 0.230709 0.180048 0.138592 0.105257 0.078900 0.058397 0.042700 0.030862 0.022068 0.015626 0.010973 0.007657 0.005324 0.003703 0.002591 0.001837 0.001331 0.000996 0.000777 0.000634 0.000543 0.000484 0.000448 0.000425 0.000411 0.000402 0.000397 0.000394 0.000392 0.000391 0.000390 0.000390 0.000389 0.000389 0.000389 0.000389 0.000389 0.000389 0.000389 0.000389 0.000389 0.000389 0.000389 0.000389 0.000389 0.000389 0.000389 0.000389 0.000389 0.000389 0.000389 0.000389 0.000389 0.000389 0.000389 0.000389 0.000389 0.000389 0.000389 0.000389 0.000389 0.000389 0.000389 0.000389 0.000389 0.000390 0.000393 0.000400 0.000418 0.000462 0.000560 0.000771 0.001200 0.002025 0.003538 0.006185 0.010608 0.017686 0.028551 0.044575 0.067317 0.098420 0.139478 0.191854 0.256511 0.333844 0.423564 0.524650 0.635371 0.753390 0.875934 1.000000
1.000000 0.875881 0.756190 0.643416 0.539507 0.445811 0.363062 0.291435 0.230624 0.179955 0.138491 0.105148 0.078784 0.058277 0.042574 0.030733 0.021935 0.015491 0.010836 0.007518 0.005184 0.003563 0.002450 0.001695 0.001189 0.000854 0.000634 0.000491 0.000400 0.000342 0.000305 0.000282 0.000268 0.000259 0.000254 0.000251 0.000249 0.000248 0.000247 0.000247 0.000246 0.000246 0.000246 0.000246 0.000246 0.000246 0.000246 0.000246 0.000246 0.000246 0.000246 0.000246 0.000246 0.000246 0.000246 0.000246 0.000246 0.000246 0.000246 0.000246 0.000246 0.000246 0.000246 0.000246 0.000246 0.000246 0.000246 0.000246 0.000246 0.000246 0.000246 0.000246 0.000246 0.000247 0.000250 0.000257 0.000275 0.000319 0.000417 0.000628 0.001057 0.001882 0.003396 0.006042 0.010466 0.017545 0.028411 0.044437 0.067180 0.098287 0.139349 0.191731 0.256396 0.333738 0.423470 0.524570 0.635307 0.753345 0.875910 1.000000
1.000000 0.875875 0.756178 0.643397 0.539481 0.445778 0.363022 0.291388 0.230571 0.179896 0.138427 0.105079 0.078711 0.058200 0.042495 0.030651 0.021851 0.015405 0.010749 0.007430 0.005095 0.003473 0.002359 0.001604 0.001098 0.000763 0.000543 0.000400 0.000308 0.000250 0.000213 0.000190 0.000176 0.000167 0.000162 0.000159 0.000157 0.000156 0.000155 0.000155 0.000155 0.000154 0.000154 0.000154 0.000154 0.000154 0.000154 0.000154 0.000154 0.000154 0.000154 0.000154 0.000154 0.000154 0.000154 0.000154 0.000154 0.000154 0.000154 0.000154 0.000154 0.000154 0.000154 0.000154 0.000154 0.000154 0.000154 0.000154 0.000154 0.000154 0.000154 0.000154 0.000155 0.000155 0.000158 0.000165 0.000183 0.000227 0.000325 0.000537 0.000965 0.001791 0.003304 0.005951 0.010375 0.017454 0.028321 0.044348 0.067093 0.098202 0.139266 0.191652 0.256321 0.333670 0.423409 0.524518 0.635265 0.753315 0.875894 1.000000
1.000000 0.875872 0.756171 0.643385 0.539465 0.445757 0.362997 0.291359 0.230538 0.179859 0.138386 0.105036 0.078665 0.058152 0.042444 0.030599 0.021797 0.015350 0.010693 0.007373 0.005038 0.003415 0.002302 0.001547 0.001040 0.000705 0.000484 0.000342 0.000250 0.000191 0.000155 0.000132 0.000118 0.000109 0.000104 0.000100 0.000098 0.000097 0.000097 0.000096 0.000096 0.000096 0.000096 0.000096 0.000096 0.000096 0.000096 0.000096 0.000096 0.000096 0.000096 0.000096 0.000096 0.000096 0.000096 0.000096 0.000096 0.000096 0.000096 0.000096 0.000096 0.000096 0.000096 0.000096 0.000096 0.000096 0.000096 0.000096 0.000096 0.000096 0.000096 0.000096 0.000096 0.000097 0.000100 0.000107 0.000125 0.000168 0.000267 0.000478 0.000907 0.001732 0.003246 0.005893 0.010316 0.017396 0.028264 0.044291 0.067037 0.098147 0.139213 0.191602 0.256274 0.333626 0.423370 0.524484 0.635238 0.753296 0.875884 1.000000
1.000000 0.875870 0.756166 0.643378 0.539456 0.445745 0.362982 0.291341 0.230518 0.179836 0.138361 0.105009 0.078637 0.058122 0.042413 0.030566 0.021764 0.015316 0.010658 0.007338 0.005002 0.003379 0.002266 0.001510 0.001004 0.000668 0.000448 0.000305 0.000213 0.000155 0.000118 0.000095 0.000081 0.000072 0.000067 0.000064 0.000062 0.000061 0.000060 0.000059 0.000059 0.000059 0.000059 0.000059 0.000059 0.000059 0.000059 0.000059 0.000059 0.000059 0.000059 0.000059 0.000059 0.000059 0.000059 0.000059 0.000059 0.000059 0.000059 0.000059 0.000059 0.000059 0.000059 0.000059 0.000059 0.000059 0.000059 0.000059 0.000059 0.000059 0.000059 0.000059 0.000059 0.000060 0.000063 0.000070 0.000088 0.000132 0.000230 0.000441 0.000870 0.001695 0.003209 0.005856 0.010280 0.017360 0.028228 0.044255 0.067002 0.098113 0.139180 0.191569 0.256244 0.333598 0.423345 0.524462 0.635221 0.753284 0.875878 1.000000
1.000000 0.875868 0.756164 0.643374 0.539450 0.445737 0.362973 0.291330 0.230505 0.179822 0.138346 0.104992 0.078619 0.058103 0.042393 0.030546 0.021743 0.015295 0.010637 0.007316 0.004980 0.003357 0.002243 0.001488 0.000981 0.000645 0.000425 0.000282 0.000190 0.000132 0.000095 0.000072 0.000058 0.000049 0.000044 0.000041 0.000039 0.000038 0.000037 0.000037 0.000036 0.000036 0.000036 0.000036 0.000036 0.000036 0.000036 0.000036 0.000036 0.000036 0.000036 0.000036 0.000036 0.000036 0.000036 0.000036 0.000036 0.000036 0.000036 0.000036 0.000036 0.000036 0.000036 0.000036 0.000036 0.000036 0.000036 0.000036 0.000036 0.000036 0.000036 0.000036 0.000036 0.000037 0.000040 0.000047 0.000065 0.000109 0.000207 0.000418 0.000847 0.001672 0.003186 0.005833 0.010257 0.017337 0.028205 0.044233 0.066980 0.098091 0.139159 0.191549 0.256225 0.333580 0.423329 0.524449 0.635210 0.753276 0.875873 1.000000
1.000000 0.875868 0.756162 0.643371 0.539446 0.445733 0.362967 0.291324 0.230498 0.179814 0.138337 0.104982 0.078608 0.058091 0.042381 0.030534 0.021730 0.015282 0.010623 0.007303 0.004966 0.003343 0.002229 0.001474 0.000967 0.000631 0.000411 0.000268 0.000176 0.000118 0.000081 0.000058 0.000044 0.000035 0.000030 0.000026 0.000024 0.000023 0.000023 0.000022 0.000022 0.000022 0.000022 0.000022 0.000022 0.000022 0.000022 0.000022 0.000022 0.000022 0.000022 0.000022 0.000022 0.000022 0.000022 0.000022 0.000022 0.000022 0.000022 0.000022 0.000022 0.000022 0.000022 0.000022 0.000022 0.000022 0.000022 0.000022 0.000022 0.000022 0.000022 0.000022 0.000022 0.000023 0.000026 0.000033 0.000051 0.000094 0.000193 0.000404 0.000833 0.001658 0.003172 0.005819 0.010243 0.017323 0.028191 0.044219 0.066966 0.098078 0.139146 0.191537 0.256213 0.333569 0.423319 0.524440 0.635203 0.753271 0.875871 1.000000
1.000000 0.875867 0.756161 0.643370 0.539444 0.445730 0.362964 0.291320 0.230493 0.179808 0.138331 0.104976 0.078602 0.058085 0.042374 0.030526 0.021723 0.015274 0.010615 0.007294 0.004958 0.003335 0.002221 0.001465 0.000958 0.000622 0.000402 0.000259 0.000167 0.000109 0.000072 0.000049 0.000035 0.000026 0.000021 0.000018 0.000016 0.000015 0.000014 0.000014 0.000013 0.000013 0.000013 0.000013 0.000013 0.000013 0.000013 0.000013 0.000013 0.000013 0.000013 0.000013 0.000013 0.000013 0.000013 0.000013 0.000013 0.000013 0.000013 0.000013 0.000013 0.000013 0.000013 0.000013 0.000013 0.000013 0.000013 0.000013 0.000013 0.000013 0.000013 0.000013 0.000013 0.000014 0.000017 0.000024 0.000042 0.000086 0.000184 0.000396 0.000824 0.001650 0.003163 0.005810 0.010234 0.017314 0.028182 0.044211 0.066958 0.098069 0.139138 0.191529 0.256205 0.333562 0.423313 0.524435 0.635199 0.753268 0.875869 1.000000
1.000000 0.875867 0.756161 0.643369 0.539443 0.445728 0.362962 0.291317 0.230491 0.179805 0.138328 0.104972 0.078598 0.058080 0.042370 0.030522 0.021718 0.015269 0.010610 0.007289 0.004953 0.003330 0.002215 0.001460 0.000953 0.000617 0.000397 0.000254 0.000162 0.000104 0.000067 0.000044 0.000030 0.000021 0.000016 0.000012 0.000010 0.000009 0.000009 0.000008 0.000008 0.000008 0.000008 0.000008 0.000008 0.000008 0.000008 0.000008 0.000008 0.000008 0.000008 0.000008 0.000008 0.000008 0.000008 0.000008 0.000008 0.000008 0.000008 0.000008 0.000008 0.000008 0.000008 0.000008 0.000008 0.000008 0.000008 0.000008 0.000008 0.000008 0.000008 0.000008 0.000008 0.000009 0.000012 0.000019 0.000037 0.000080 0.000179 0.000390 0.000819 0.001644 0.003158 0.005805 0.010229 0.017309 0.028177 0.044205 0.066952 0.098064 0.139133 0.191524 0.256201 0.333558 0.423309 0.524432 0.635196 0.753266 0.875868 1.000000
1.000000 0.875867 0.756160 0.643368 0.539442 0.445728 0.362961 0.291316 0.230489 0.179804 0.138326 0.104970 0.078595 0.058078 0.042367 0.030519 0.021715 0.015266 0.010607 0.007286 0.004950 0.003326 0.002212 0.001457 0.000950 0.000614 0.000394 0.000251 0.000159 0.000100 0.000064 0.000041 0.000026 0.000018 0.000012 0.000009 0.000007 0.000006 0.000006 0.000005 0.000005 0.000005 0.000005 0.000005 0.000005 0.000005 0.000005 0.000005 0.000005 0.000005 0.000005 0.000005 0.000005 0.000005 0.000005 0.000005 0.000005 0.000005 0.000005 0.000005 0.000005 0.000005 0.000005 0.000005 0.000005 0.000005 0.000005 0.000005 0.000005 0.000005 0.000005 0.000005 0.000005 0.000006 0.000008 0.000016 0.000034 0.000077 0.000176 0.000387 0.000816 0.001641 0.003155 0.005802 0.010226 0.017306 0.028174 0.044202 0.066949 0.098061 0.139130 0.191522 0.256198 0.333556 0.423307 0.524430 0.635195 0.753265 0.875868 1.000000
1.000000 0.875867 0.756160 0.643368 0.539442 0.445727 0.362960 0.291315 0.230488 0.179803 0.138325 0.104969 0.078594 0.058076 0.042366 0.030517 0.021714 0.015265 0.010606 0.007285 0.004948 0.003325 0.002210 0.001455 0.000948 0.000612 0.000392 0.000249 0.000157 0.000098 0.000062 0.000039 0.000024 0.000016 0.000010 0.000007 0.000005 0.000004 0.000004 0.000003 0.000003 0.000003 0.000003 0.000003 0.000003 0.000003 0.000003 0.000003 0.000003 0.000003 0.000003 0.000003 0.000003 0.000003 0.000003 0.000003 0.000003 0.000003 0.000003 0.000003 0.000003 0.000003 0.000003 0.000003 0.000003 0.000003 0.000003 0.000003 0.000003 0.000003 0.000003 0.000003 0.000003 0.000004 0.000007 0.000014 0.000032 0.000075 0.000174 0.000385 0.000814 0.001639 0.003153 0.005800 0.010224 0.017304 0.028172 0.044200 0.066947 0.098060 0.139128 0.191520 0.256197 0.333554 0.423306 0.524429 0.635194 0.753264 0.875867 1.000000
1.000000 0.875867 0.756160 0.643368 0.539442 0.445727 0.362960 0.291315 0.230488 0.179802 0.138324 0.104968 0.078593 0.058076 0.042365 0.030517 0.021713 0.015264 0.010605 0.007284 0.004947 0.003324 0.002209 0.001454 0.000947 0.000611 0.000391 0.000248 0.000156 0.000097 0.000061 0.000038 0.000023 0.000015 0.000009 0.000006 0.000004 0.000003 0.000002 0.000002 0.000002 0.000002 0.000002 0.000002 0.000002 0.000002 0.000002 0.000002 0.000002 0.000002 0.000002 0.000002 0.000002 0.000002 0.000002 0.000002 0.000002 0.000002 0.000002 0.000002 0.000002 0.000002 0.000002 0.000002 0.000002 0.000002 0.000002 0.000002 0.000002 0.000002 0.000002 0.000002 0.000002 0.000003 0.000005 0.000012 0.000031 0.000074 0.000173 0.000384 0.000813 0.001638 0.003152 0.005799 0.010223 0.017303 0.028171 0.044199 0.066946 0.098058 0.139127 0.191519 0.256196 0.333553 0.423305 0.524428 0.635193 0.753264 0.875867 1.000000
1.000000 0.875867 0.756160 0.643368 0.539441 0.445727 0.362960 0.291315 0.230487 0.179802 0.138323 0.104968 0.078593 0.058075 0.042364 0.030516 0.021712 0.015263 0.010604 0.007283 0.004946 0.003323 0.002209 0.001453 0.000946 0.000610 0.000390 0.000247 0.000155 0.000097 0.000060 0.000037 0.000023 0.000014 0.000009 0.000006 0.000004 0.000002 0.000002 0.000001 0.000001 0.000001 0.000001 0.000001 0.000001 0.000001 0.000001 0.000001 0.000001 0.000001 0.000001 0.000001 0.000001 0.000001 0.000001 0.000001 0.000001 0.000001 0.000001 0.000001 0.000001 0.000001 0.000001 0.000001 0.000001 0.000001 0.000001 0.000001 0.000001 0.000001 0.000001 0.000001 0.000001 0.000002 0.000005 0.000012 0.000030 0.000073 0.000172 0.000383 0.000812 0.001637 0.003151 0.005798 0.010222 0.017302 0.028170 0.044199 0.066946 0.098058 0.139126 0.191518 0.256195 0.333553 0.423304 0.524428 0.635193 0.753264 0.875867 1.000000
1.000000 0.875867 0.756160 0.643368 0.539441 0.445726 0.362959 0.291314 0.230487 0.179801 0.138323 0.104967 0.078592 0.058075 0.042364 0.030516 0.021712 0.015263 0.010604 0.007283 0.004946 0.003323 0.002208 0.001453 0.000946 0.000610 0.000390 0.000247 0.000155 0.000096 0.000059 0.000037 0.000022 0.000014 0.000008 0.000005 0.000003 0.000002 0.000001 0.000001 0.000001 0.000001 0.000001 0.000001 0.000001 0.000001 0.000001 0.000001 0.000001 0.000001 0.000001 0.000001 0.000001 0.000001 0.000001 0.000001 0.000001 0.000001 0.000001 0.000001 0.000001 0.000001 0.000001 0.000001 0.000001 0.000001 0.000001 0.000001 0.000001 0.000001 0.000001 0.000001 0.000001 0.000002 0.000004 0.000011 0.000030 0.000073 0.000172 0.000383 0.000812 0.001637 0.003151 0.005798 0.010222 0.017302 0.028170 0.044198 0.066945 0.098057 0.139126 0.191518 0.256195 0.333553 0.423304 0.524427 0.635192 0.753264 0.875867 1.000000
1.000000 0.875867 0.756160 0.643368 0.539441 0.445726 0.362959 0.291314 0.230487 0.179801 0.138323 0.104967 0.078592 0.058075 0.042364 0.030515 0.021711 0.015262 0.010603 0.007282 0.004946 0.003322 0.002208 0.001452 0.000946 0.000610 0.000389 0.000246 0.000155 0.000096 0.000059 0.000036 0.000022 0.000013 0.000008 0.000005 0.000003 0.000002 0.000001 0.000001 0.000001 0.000000 0.000000 0.000000 0.000000 0.000000 0.000000 0.000000 0.000000 0.000000 0.000000 0.000000 0.000000 0.000000 0.000000 0.000000 0.000000 0.000000 0.000000 0.000000 0.000000 0.000000 0.000000 0.000000 0.000000 0.000000 0.000000 0.000000 0.000000 0.000000 0.000000 0.000000 0.000001 0.000002 0.000004 0.000011 0.000029 0.000073 0.000172 0.000383 0.000811 0.001637 0.003150 0.005797 0.010222 0.017302 0.028170 0.044198 0.066945 0.098057 0.139126 0.191518 0.256195 0.333552 0.423304 0.524427 0.635192 0.753263 0.875867 1.000000
1.000000 0.875867 0.756160 0.643368 0.539441 0.445726 0.362959 0.291314 0.230487 0.179801 0.138323 0.104967 0.078592 0.058075 0.042364 0.030515 0.021711 0.015262 0.010603 0.007282 0.004946 0.003322 0.002208 0.001452 0.000946 0.000610 0.000389 0.000246 0.000154 0.000096 0.000059 0.000036 0.000022 0.000013 0.000008 0.000005 0.000003 0.000002 0.000001 0.000001 0.000000 0.000000 0.000000 0.000000 0.000000 0.000000 0.000000 0.000000 0.000000 0.000000 0.000000 0.000000 0.000000 0.000000 0.000000 0.000000 0.000000 0.000000 0.000000 0.000000 0.000000 0.000000 0.000000 0.000000 0.000000 0.000000 0.000000 0.000000 0.000000 0.000000 0.000000 0.000000 0.000001 0.000001 0.000004 0.000011 0.000029 0.000073 0.000171 0.000383 0.000811 0.001637 0.003150 0.005797 0.010221 0.017302 0.028170 0.044198 0.066945 0.098057 0.139126 0.191518 0.256194 0.333552 0.423304 0.524427 0.635192 0.753263 0.875867 1.000000
1.000000 0.875867 0.756160 0.643368 0.539441 0.445726 0.362959 0.291314 0.230487 0.179801 0.138323 0.104967 0.078592 0.058075 0.042364 0.030515 0.021711 0.015262 0.010603 0.007282 0.004946 0.003322 0.002208 0.001452 0.000946 0.000610 0.000389 0.000246 0.000154 0.000096 0.000059 0.000036 0.000022 0.000013 0.000008 0.000005 0.000003 0.000002 0.000001 0.000001 0.000000 0.000000 0.000000 0.000000 0.000000 0.000000 0.000000 0.000000 0.000000 0.000000 0.000000 0.000000 0.000000 0.000000 0.000000 0.000000 0.000000 0.000000 0.000000 0.000000 0.000000 0.000000 0.000000 0.000000 0.000000 0.000000 0.000000 0.000000 0.000000 0.000000 0.000000 0.000000 0.000000 0.000001 0.000004 0.000011 0.000029 0.000073 0.000171 0.000383 0.000811 0.001637 0.003150 0.005797 0.010221 0.017302 0.028170 0.044198 0.066945 0.098057 0.139126 0.191518 0.256194 0.333552 0.423304 0.524427 0.635192 0.753263 0.875867 1.000000
1.000000 0.875867 0.756160 0.643368 0.539441 0.445726 0.362959 0.291314 0.230487 0.179801 0.138323 0.104967 0.078592 0.058075 0.042363 0.030515 0.021711 0.015262 0.010603 0.007282 0.004946 0.003322 0.002208 0.001452 0.000945 0.000610 0.000389 0.000246 0.000154 0.000096 0.000059 0.000036 0.000022 0.000013 0.000008 0.000005 0.000003 0.000002 0.000001 0.000001 0.000000 0.000000 0.000000 0.000000 0.000000 0.000000 0.000000 0.000000 0.000000 0.000000 0.000000 0.000000 0.000000 0.000000 0.000000 0.000000 0.000000 0.000000 0.000000 0.000000 0.000000 0.000000 0.000000 0.000000 0.000000 0.000000 0.000000 0.000000 0.000000 0.000000 0.000000 0.000000 0.000000 0.000001 0.000004 0.000011 0.000029 0.000073 0.000171 0.000383 0.000811 0.001637 0.003150 0.005797 0.010221 0.017301 0.028170 0.044198 0.066945 0.098057 0.139126 0.191518 0.256194 0.333552 0.423304 0.524427 0.635192 0.753263 0.875867 1.000000
